1554194434
1552722662
1557371556
1557345572
1552996358
1558051554
1557472097
1557241203
1556986107
1555833369
1555695731
1555676633
1555616644
1554489847
1553329318
1552735372
1552389304
1558385825
1558381090
1558374053
1558366416
1558325589
1558325314
1558373327
1558386997
1558390896
1558392588
1558398401
1558399453
1558397549
1558395370
1558403858
1558407900
1558413457
1558407974
1558416680
1558415513
1558418423
1558432269
1558427748
1558431095
1558430905
1558426994
1558501250
1558500913
1549270498
1558449104
1558540643
1558525953
1558520498
1548832283
1540390993
1558444194
1558537406
1558535811
1527398514
1558531292
1527358682
1558524803
1558524464
1549336385
1529718594
1558514246
1558511772
1558510659
1558503832
1558498800
1402827261
1527212733
1558486751
1558482479
1558469529
1558465541
1558922259
1558888629
1558880460
1549506598
1558839960
1558885263
1558874306
1558841252
1558808130
1558795639
1558795509
1558786743
1558780971
1539752565
1558761577
1558749546
1558668405
1558668004
1558633557
1558614733
1558591674
1541224572
1526314376
1558941165
1558939835
1558939032
1558937349
1558921894
1558919416
1558904224
1558902470
1558901361
1454471304
1558896141
1558890976
1558890256
1536556290
1538336111
1558862693
1558851572
1558849544
1558847870
1558937800
1558883098
1558868777
1558851412
1558279935
1558066076
1558036054
1558600947
1557580490
1557268181
1555813973
1555768313
1558967817
1558949584
1557698119
1558986406
1559056395
1470286541
1543104973
1559003670
1559039743
1559066570
1559097138
1559096915
1559099079
1559102258
1559100279
1559112918
1559410307
1559396569
1559396095
1559394430
1529883267
1559437147
1559410614
1559421859
1559406325
1559348103
1559502058
1559495974
1559526975
1559523037
1559610747
1559610225
1559586956
1559585663
1559666768
1559665966
1559692001
1559720362
1559803452
1559791820
1559791336
1559758240
1559751655
1559742057
1375673762
1559729764
1559831648
1559839248
1559864836
1559864594
1559864601
1559874105
1559883619
1559887391
1559896959
1559896927
1559968113
1559932029
1559938549
1559901431
1559967096
1559948506
1559943413
1559970494
1559971406
1559990455
1560029654
1560045834
1366786096
1549708826
1560058024
1560210797
1560157984
1560130971
1560130509
1560206866
1560094909
1560097718
1560137339
1560201254
1560167024
1560386586
1560386370
1560329958
1560280675
1017318669
1560373763
1560387916
1560381219
1305008303
1305017195
1325819613
1277709268
1305009561
1560339463
1560328844
1560246152
1560395199
1560396808
1560722474
1560722079
1560634831
1560590241
1560584619
1560580714
1548983462
1560653329
1560609784
1560552456
1560482429
1560427950
1560590009
1560400247
1560769568
1560816945
1560916925
1560916653
1560912108
1405593455
1560874551
1560867901
1560670274
1392378174
1560894610
1560968679
1560968255
1560980706
1560990976
1561019490
1561031189
1561073506
1561055453
1551510301
1446378665
1517843581
1561120321
1561157680
1561148647
1561128583
1550798870
1561185950
1542701538
1561196493
1561269997
1561248827
1561248516
1561242594
1561229725
1551602555
1561208346
1561268416
1561249470
1561209083
1561229345
1560975306
1561292165
1561297721
1561306036
1561307791
1561305097
1561343425
1561351686
1561352277
1561354914
1561218319
1315712209
1561428024
1561427293
1561400053
1561402830
1561463503
1561375288
1561474894
1561496192
1561558923
1561530594
1561529641
1561578732
1561695835
1561663319
1561689918
1561696659
1561713930
1561737250
1561733378
1561732601
1561800852
1561831143
1561890104
1561860615
1561852657
1561903100
1561879221
1561893835
1561922941
1562127539
1562099127
1562092940
1562071114
1562059290
1562058963
1562115457
1479107737
1562010458
1562228046
1562233265
1562269423
1562283398
1562352430
1562390455
1562433845
1474762036
1562478283
1562603080
1562614557
1562683985
1548546079
1562698305
1562728315
1562737178
1562736867
1562748922
1475185545
1559699718
1562931054
1557411082
1562922681
1562678774
1561791236
1560380858
1562884425
1562976175
1562402532
1560730111
1560618735
1563014260
1562558696
1563123978
1563085142
1563037808
1563087148
1563086566
1561627532
1560133961
1563108929
1563170443
1553401255
1562958706
1562913113
1561398835
1563175088
1563086134
1553338729
1562418598
1563318930
1562906761
1559312958
1563113227
1562737756
1560464883
1563395009
1563435153
1560464890
1563479817
1561865047
1494791944
1563519092
1563162986
1563508765
1556900248
1563385931
1562924051
1563653310
1563647400
1563476561
1410706307
1563568001
1559876908
1559163702
1563579956
1563306327
1563704839
1563360435
1563712552
1563037146
1561764429
1561669606
1513592682
1563585783
1472259726
1563520694
1553340034
1563596247
1563950228
1563919530
1563982255
1563708873
1558378662
1563678261
1564038453
1564017031
1563799214
1563564242
1562353207
1475698818
1560403705
1564183938
1564081784
1563612551
1564124498
1563912138
1533630137
1564249773
1564226939
1564278050
1563951419
1564430803
1564385832
1564147268
1564111401
1559396323
1564434253
1564347863
1564462836
1564157971
1564296163
1564284015
1564466978
1562977412
1564147011
1557226669
1420309729
1564643713
1564643784
1562065997
1564622686
1564621736
1564731033
1564457559
1564741935
1554140229
1564897230
1477655878
1564933480
1564926887
1564940633
1564939611
1564937637
1557419725
1564941796
1564915931
1564243526
1565009111
1565002404
1563205562
1564948290
1564772531
1560435500
1565083065
1563712820
1562464389
1562464247
1563713160
1497502370
1565184873
1565049438
1564897032
1565073414
1477900646
1565296193
1565058950
1565314316
1565293803
1565238011
1565293825
1561806565
1562927468
1564953777
1565353095
1565376131
1558202319
1565466890
1565448166
1558565253
1558682336
1565470259
1565502103
1565087396
1565025222
1552547981
1555157753
1564548280
1565498720
1565183223
1564320874
1564638517
1563284966
1565425747
1565162899
1564946652
1564417974
1565695333
1560408999
1565772666
1565724042
1565801273
1546214951
1565735507
1565723056
1565722735
1565877883
1565866002
1565860031
1565851943
1565846687
1560921964
1559934004
1559577187
1557108812
1565584473
1565415920
1565094558
1565002483
1561453412
1559226569
1566280000
1565699562
1323602425
1566194974
1566193547
1566181019
1537609493
1566332324
1566084707
1565816113
1566381738
1566371777
1566264656
1565996272
1565514697
1564644363
1562534784
1566036867
1565532934
1566254354
1565890476
1565403545
1566656308
1564991866
1564429044
1566679622
1566291213
1566761679
1566693912
1566693901
1566353870
1566750388
1566750636
1566750534
1566775718
1566776460
1566643749
1566807126
1566165982
1566769884
1566784768
1566810149
1566696642
1556804025
1566477878
1566806919
1566402222
1566825147
1566824509
1566664748
1564339044
1559788102
1566622643
1559418322
1563111928
1566878905
1566263934
1567000555
1566515002
1566605218
1566982075
1566960615
1374177084
1567015552
1566945573
1566641409
1566584741
1566867596
1566680706
1566601109
1567118219
1566880277
1566897203
1567046349
1567203925
1566923735
1566786558
1566976457
1566492721
1565519238
1556496763
1564313432
1566828536
1566078081
1567182989
1567260439
1567333615
1567307067
1567335260
1567108849
1560343281
1560129343
1545579589
1567396931
1567409200
1567144078
1567395198
1567112389
1567469947
1567442953
1567385252
1567061451
1567468016
1567486462
1566293335
1567476507
1567358596
1567219674
1566505244
1567585986
1567517819
1567099747
1567641669
1562672787
1567585513
1567545792
1567095723
1557014153
1567676802
1567548228
1548807616
1564210954
1567677588
1565268629
1557175643
1567778682
1567745690
1567782188
1567837494
1567786390
1567185371
1566886118
1567819529
1567819396
1567788892
1567820063
1557984015
1567811631
1567808271
1567555493
1562874588
1557202400
1567793042
1561762700
1567503477
1567817678
1567901996
1563424140
1568020871
1567610769
1567853015
1567721371
1563519844
1559703115
1568003923
1567987467
1562081179
1568067076
1567961705
1563121593
1557420657
1568166123
1568136021
1568166675
1568074315
1568093197
1565361608
1565361710
1568123758
1568203661
1567736548
1566540547
1568205904
1568143022
1567746358
1568220754
1568208452
1567328118
1567053092
1567049967
1568070996
1567952389
1497699832
1568312024
1566735248
1566735179
1540507818
1568333141
1568234792
1558408943
1567922484
1567889977
1558460046
1549092732
1568350190
1567614281
1564190800
1540453383
1540286867
1568379263
1567971960
1568518218
1568222324
1568220111
1568139620
1568441628
1397959663
1568433479
1568545558
1568474846
1567684780
1568080740
1563730185
1549193336
1494039886
1461939610
1491377523
1567673769
1565336887
1568602894
1568480059
1568728909
1568673026
1568686560
1527190728
1527105937
1548695666
1558921051
1568753331
1568245087
1568167641
1568773504
1566589319
1568692513
1568767513
1568609598
1568787336
1568085390
1568564241
1566273067
1529523963
1568849844
1549618802
1523905088
1558391689
1567883914
1567542161
1566180629
1565407219
1563382110
1499294121
1558901509
1569042096
1569045634
1569088789
1569060450
1568810398
1504215849
1388413487
1569003424
1569045003
1569035265
1567276147
1568978529
1563083231
1558633929
1569024426
1568821578
1568471098
1568304552
1567999121
1567856151
1561189608
1569337010
1559572742
1559575528
1569378377
1559572444
1559574831
1569381029
1566962841
1569346981
1569074162
1564398643
1568910698
1476718388
1564743629
1569379307
1569385931
1569474388
1549788243
1569460887
1569555999
1569447580
1569580769
1569388102
1569406655
1569495377
1461400255
1461399478
1569578614
1568498913
1569606837
1569466656
1569418099
1569623774
1569366280
1569384960
1569446984
1569700211
1569688526
1569448374
1569632973
1569698191
1569678121
1569489112
1520065851
1569427612
1569426839
1568871314
1569704190
1569694807
1569789652
1562234184
1569661421
1569592258
1564216018
1569040801
1559323716
1569622256
1569838967
1569834348
1569911736
1569208800
1569887843
1567528256
1550520690
1531034421
1559363076
1559362778
1569918542
1569869112
1569737044
1569591495
1569711058
1559508133
1570035642
1570047659
1569849393
1569795691
1542552884
1565065299
1570091787
1568311065
1570168830
1570100884
1565526692
1558780364
1570056459
1569893366
1570188755
1556466857
1531773254
1570222943
1570254955
1570252907
1570203644
1538777916
1567896945
1566150176
1565934560
1570167730
1570040484
1569136870
1568408668
1567857531
1567568514
1567097586
1567033117
1566831350
1566527093
1566364188
1570259843
1570159054
1569906286
1568411531
1565827474
1561619994
1570254856
1570230962
1569910425
1515559121
1514375350
1514374937
1563586332
1562763329
1570225768
1570169066
1570060680
1569966370
1569654381
1569322064
1569050860
1568872012
1568302552
1566192453
1565444496
1570251340
1570142800
1569722969
1572167373
1572161596
1493999436
1423786130
1572131475
1568475697
1571937693
1571871389
1571815470
1569522220
1569522372
1562495548
1572134556
1572126815
1572095174
1571702985
1571649421
1493349886
1572028655
1571561349
1571548876
1571077196
1569572143
1569561759
1569279672
1569059924
1568751471
1568540696
1571042080
1569925871
1569509416
1567987162
1562233729
1562233433
1571468294
1567609628
1515560144
1515559558
1565094746
1565051754
1572143199
1572137815
1572089028
1572031724
1571929732
1571492458
1571491114
1571267586
1570754602
1567844684
1562632271
1567274546
1547008203
1514061368
1569600567
1374160194
1499053679
1573385201
1569809434
1569809271
1573179906
1573507468
1505809685
1505809667
1505809736
1505809852
1505809674
1505809655
1505809745
1505809686
1458609090
1505809798
1399500369
1561727159
1573457699
1573448945
1573374342
1573357667
1573291898
1573210179
1572957461
1572696207
1572671265
1572638584
1572598184
1572363765
1572219760
1572121381
1572002867
1571833381
1571448939
1500586737
1571012585
1570966991
1570904845
1570480065
1570456755
1569973950
1569948447
1569874020
1572878491
1572126226
1571613315
1554869302
1569759066
1567542782
1566763749
1566690014
1573518279
1573180599
1573169157
1572913629
1572697470
1572677039
1474924797
1572546009
1572192637
1572186129
1533690521
1533689941
1533689493
1571584673
1571383503
1571307785
1530674706
1530674447
1530674310
1569096855
1568858033
1568803242
1549453691
1568220764
1529429523
1529430106
1529430634
1567051790
1567046298
1566345710
1547009492
1573399014
1573273191
1573139461
1573012527
1572955113
1572464433
1572295748
1572280986
1572142962
1571926211
1562379978
1571075663
1570966158
1570833234
1570469975
1569892847
1569527667
1569341409
1569276853
1568930988
1566945163
1566772661
1565854774
1565846195
1563744510
1553599994
1563463818
1573500973
1570668590
7376517398
7375808408
7379376656
7380400277
7378133312
7378053921
7377842496
7380769260
7379325540
7365198424
7371603762
7381325731
7382193386
7376067575
7382215351
7382202706
7382177066
7378908978
7378815839
7378828967
7382248238
7380294005
7381824544
7379166911
7382271661
7379313162
7373494262
7383742853
7383677737
7383065124
7379939303
7383088172
7384150373
7384150473
7380659857
7373603880
7376907478
7382989873
7382669563
7384064786
7383149159
7383653226